# Selection optimality gap
charset | oracle | os | cells | glyphs | poolW | prod | optPool | optGlobal | toneOnly | meanRank | totalGap% | rankGap% | poolGap% | exactOpt% | optInPool%
standard | gmsd | 2 | 8640 | 95 | 12.0 | 0.24246 | 0.23292 | 0.17215 | 0.28271 | 24.32 | 29.00 | 3.94 | 25.06 | 23.6 | 26.6
standard | haarPSI | 2 | 8640 | 95 | 12.0 | 0.13679 | 0.15242 | 0.16873 | 0.09956 | 43.24 | 23.35 | 11.43 | 11.92 | 23.0 | 31.2
standard | mae | 2 | 8640 | 95 | 12.0 | 0.25347 | 0.24604 | 0.23411 | 0.26169 | 14.42 | 7.64 | 2.93 | 4.70 | 24.5 | 28.6
standard | rmse | 2 | 8640 | 95 | 12.0 | 0.28991 | 0.27998 | 0.25694 | 0.32145 | 14.11 | 11.37 | 3.43 | 7.95 | 24.3 | 25.8
standard | ssim | 2 | 8640 | 95 | 12.0 | 0.05082 | 0.07904 | 0.09677 | 0.01093 | 31.53 | 90.43 | 55.54 | 34.89 | 19.0 | 38.1
minimal | gmsd | 2 | 8640 | 10 | 10.0 | 0.17894 | 0.17467 | 0.17467 | 0.26973 | 2.12 | 2.38 | 2.38 | 0.00 | 72.3 | 100.0
minimal | haarPSI | 2 | 8640 | 10 | 10.0 | 0.12929 | 0.16235 | 0.16235 | 0.12608 | 5.75 | 25.57 | 25.57 | 0.00 | 37.5 | 100.0
minimal | mae | 2 | 8640 | 10 | 10.0 | 0.25014 | 0.23559 | 0.23559 | 0.25986 | 2.56 | 5.82 | 5.82 | 0.00 | 78.5 | 100.0
minimal | rmse | 2 | 8640 | 10 | 10.0 | 0.26858 | 0.25810 | 0.25810 | 0.31572 | 2.44 | 3.90 | 3.90 | 0.00 | 81.3 | 100.0
minimal | ssim | 2 | 8640 | 10 | 10.0 | 0.04522 | 0.07669 | 0.07669 | 0.04130 | 5.30 | 69.60 | 69.60 | 0.00 | 34.9 | 100.0
blocks | gmsd | 2 | 8640 | 8 | 8.0 | 0.29828 | 0.17397 | 0.17397 | 0.30102 | 3.41 | 41.67 | 41.67 | 0.00 | 1.2 | 100.0
blocks | haarPSI | 2 | 8640 | 8 | 8.0 | 0.08231 | 0.18123 | 0.18123 | 0.13012 | 3.91 | 120.19 | 120.19 | 0.00 | 3.9 | 100.0
blocks | mae | 2 | 8640 | 8 | 8.0 | 0.56247 | 0.21642 | 0.21642 | 0.30498 | 7.24 | 61.52 | 61.52 | 0.00 | 6.0 | 100.0
blocks | rmse | 2 | 8640 | 8 | 8.0 | 0.64418 | 0.24229 | 0.24229 | 0.38236 | 7.21 | 62.39 | 62.39 | 0.00 | 7.5 | 100.0
blocks | ssim | 2 | 8640 | 8 | 8.0 | 0.00250 | 0.07731 | 0.07731 | 0.04514 | 5.34 | 2991.74 | 2991.74 | 0.00 | 2.9 | 100.0
dots | gmsd | 2 | 8640 | 8 | 8.0 | 0.17894 | 0.17704 | 0.17704 | 0.29323 | 1.57 | 1.06 | 1.06 | 0.00 | 82.3 | 100.0
dots | haarPSI | 2 | 8640 | 8 | 8.0 | 0.12929 | 0.15992 | 0.15992 | 0.09272 | 4.98 | 23.69 | 23.69 | 0.00 | 29.9 | 100.0
dots | mae | 2 | 8640 | 8 | 8.0 | 0.25014 | 0.23297 | 0.23297 | 0.26981 | 2.23 | 6.87 | 6.87 | 0.00 | 75.0 | 100.0
dots | rmse | 2 | 8640 | 8 | 8.0 | 0.26858 | 0.25592 | 0.25592 | 0.33969 | 2.13 | 4.72 | 4.72 | 0.00 | 79.8 | 100.0
dots | ssim | 2 | 8640 | 8 | 8.0 | 0.04522 | 0.07900 | 0.07900 | 0.00833 | 4.50 | 74.70 | 74.70 | 0.00 | 31.7 | 100.0
lines | gmsd | 2 | 8640 | 12 | 12.0 | 0.30320 | 0.17268 | 0.17268 | 0.24002 | 6.19 | 43.05 | 43.05 | 0.00 | 6.4 | 100.0
lines | haarPSI | 2 | 8640 | 12 | 12.0 | 0.08333 | 0.16106 | 0.16106 | 0.13826 | 7.22 | 93.28 | 93.28 | 0.00 | 0.2 | 100.0
lines | mae | 2 | 8640 | 12 | 12.0 | 0.30278 | 0.23805 | 0.23805 | 0.25478 | 8.73 | 21.38 | 21.38 | 0.00 | 0.2 | 100.0
lines | rmse | 2 | 8640 | 12 | 12.0 | 0.38918 | 0.25956 | 0.25956 | 0.29091 | 8.35 | 33.30 | 33.30 | 0.00 | 0.2 | 100.0
lines | ssim | 2 | 8640 | 12 | 12.0 | 0.00441 | 0.09269 | 0.09269 | 0.04697 | 6.84 | 2001.84 | 2001.84 | 0.00 | 4.1 | 100.0
diagonal | gmsd | 2 | 8640 | 4 | 4.0 | 0.17894 | 0.17721 | 0.17721 | 0.24517 | 1.23 | 0.97 | 0.97 | 0.00 | 86.9 | 100.0
diagonal | haarPSI | 2 | 8640 | 4 | 4.0 | 0.12929 | 0.16062 | 0.16062 | 0.14326 | 2.64 | 24.23 | 24.23 | 0.00 | 40.7 | 100.0
diagonal | mae | 2 | 8640 | 4 | 4.0 | 0.25014 | 0.23829 | 0.23829 | 0.25634 | 1.49 | 4.74 | 4.74 | 0.00 | 81.7 | 100.0
diagonal | rmse | 2 | 8640 | 4 | 4.0 | 0.26858 | 0.26016 | 0.26016 | 0.29185 | 1.46 | 3.14 | 3.14 | 0.00 | 83.3 | 100.0
diagonal | ssim | 2 | 8640 | 4 | 4.0 | 0.04522 | 0.06828 | 0.06828 | 0.04804 | 2.46 | 50.99 | 50.99 | 0.00 | 38.2 | 100.0
cross | gmsd | 2 | 8640 | 5 | 5.0 | 0.17894 | 0.17653 | 0.17653 | 0.23320 | 1.51 | 1.35 | 1.35 | 0.00 | 78.1 | 100.0
cross | haarPSI | 2 | 8640 | 5 | 5.0 | 0.12929 | 0.15421 | 0.15421 | 0.13951 | 3.05 | 19.27 | 19.27 | 0.00 | 44.5 | 100.0
cross | mae | 2 | 8640 | 5 | 5.0 | 0.25014 | 0.23948 | 0.23948 | 0.25348 | 1.72 | 4.26 | 4.26 | 0.00 | 78.1 | 100.0
cross | rmse | 2 | 8640 | 5 | 5.0 | 0.26858 | 0.26085 | 0.26085 | 0.28445 | 1.65 | 2.88 | 2.88 | 0.00 | 81.8 | 100.0
cross | ssim | 2 | 8640 | 5 | 5.0 | 0.04522 | 0.07177 | 0.07177 | 0.04797 | 2.86 | 58.71 | 58.71 | 0.00 | 41.7 | 100.0
diamond | gmsd | 2 | 8640 | 4 | 4.0 | 0.17894 | 0.17764 | 0.17764 | 0.23920 | 1.20 | 0.73 | 0.73 | 0.00 | 90.3 | 100.0
diamond | haarPSI | 2 | 8640 | 4 | 4.0 | 0.12929 | 0.15465 | 0.15465 | 0.13880 | 2.43 | 19.61 | 19.61 | 0.00 | 50.4 | 100.0
diamond | mae | 2 | 8640 | 4 | 4.0 | 0.25014 | 0.23814 | 0.23814 | 0.25527 | 1.45 | 4.80 | 4.80 | 0.00 | 83.6 | 100.0
diamond | rmse | 2 | 8640 | 4 | 4.0 | 0.26858 | 0.25983 | 0.25983 | 0.28695 | 1.44 | 3.26 | 3.26 | 0.00 | 84.6 | 100.0
diamond | ssim | 2 | 8640 | 4 | 4.0 | 0.04522 | 0.07072 | 0.07072 | 0.04884 | 2.31 | 56.40 | 56.40 | 0.00 | 52.0 | 100.0
mixed | gmsd | 2 | 8640 | 12 | 12.0 | 0.28459 | 0.17432 | 0.17432 | 0.29863 | 4.32 | 38.75 | 38.75 | 0.00 | 20.7 | 100.0
mixed | haarPSI | 2 | 8640 | 12 | 12.0 | 0.09031 | 0.16195 | 0.16195 | 0.09347 | 6.30 | 79.33 | 79.33 | 0.00 | 14.3 | 100.0
mixed | mae | 2 | 8640 | 12 | 12.0 | 0.29299 | 0.22981 | 0.22981 | 0.27446 | 8.13 | 21.56 | 21.56 | 0.00 | 0.5 | 100.0
mixed | rmse | 2 | 8640 | 12 | 12.0 | 0.37277 | 0.25332 | 0.25332 | 0.35173 | 8.06 | 32.04 | 32.04 | 0.00 | 0.5 | 100.0
mixed | ssim | 2 | 8640 | 12 | 12.0 | 0.00496 | 0.08361 | 0.08361 | 0.00814 | 6.91 | 1587.42 | 1587.42 | 0.00 | 10.3 | 100.0
braille | gmsd | 2 | 8640 | 256 | 12.0 | 0.27309 | 0.25586 | 0.17382 | 0.27199 | 91.90 | 36.35 | 6.31 | 30.04 | 6.3 | 8.0
braille | haarPSI | 2 | 8640 | 256 | 12.0 | 0.13382 | 0.15642 | 0.17860 | 0.11408 | 106.11 | 33.46 | 16.89 | 16.57 | 5.9 | 18.7
braille | mae | 2 | 8640 | 256 | 12.0 | 0.25719 | 0.24953 | 0.23792 | 0.25505 | 57.85 | 7.49 | 2.98 | 4.51 | 6.4 | 9.4
braille | rmse | 2 | 8640 | 256 | 12.0 | 0.30401 | 0.29099 | 0.25946 | 0.30312 | 52.20 | 14.65 | 4.28 | 10.37 | 6.4 | 9.2
braille | ssim | 2 | 8640 | 256 | 12.0 | 0.04507 | 0.07202 | 0.09539 | 0.01414 | 104.25 | 111.65 | 59.80 | 51.85 | 6.8 | 15.1
