# Selection optimality gap
charset | oracle | os | cells | glyphs | poolW | prod | optPool | optGlobal | toneOnly | meanRank | totalGap% | rankGap% | poolGap% | exactOpt% | optInPool%
standard | gmsd | 2 | 8640 | 95 | 12.0 | 0.19978 | 0.19530 | 0.16271 | 0.28810 | 24.61 | 18.55 | 2.24 | 16.31 | 39.8 | 42.2
standard | haarPSI | 2 | 8640 | 95 | 12.0 | 0.37817 | 0.39351 | 0.40579 | 0.13649 | 33.71 | 7.30 | 4.06 | 3.25 | 37.8 | 47.5
standard | mae | 2 | 8640 | 95 | 12.0 | 0.24081 | 0.23642 | 0.22934 | 0.25133 | 20.51 | 4.76 | 1.82 | 2.94 | 39.1 | 44.4
standard | rmse | 2 | 8640 | 95 | 12.0 | 0.25481 | 0.25070 | 0.23943 | 0.30770 | 18.81 | 6.04 | 1.61 | 4.42 | 38.9 | 39.8
standard | ssim | 2 | 8640 | 95 | 12.0 | 0.31340 | 0.32641 | 0.33442 | 0.02675 | 29.41 | 6.71 | 4.15 | 2.56 | 37.6 | 46.5
minimal | gmsd | 2 | 8640 | 10 | 10.0 | 0.16924 | 0.16525 | 0.16525 | 0.20360 | 2.10 | 2.36 | 2.36 | 0.00 | 72.6 | 100.0
minimal | haarPSI | 2 | 8640 | 10 | 10.0 | 0.38695 | 0.39936 | 0.39936 | 0.37796 | 3.65 | 3.21 | 3.21 | 0.00 | 52.3 | 100.0
minimal | mae | 2 | 8640 | 10 | 10.0 | 0.24525 | 0.23114 | 0.23114 | 0.24129 | 3.98 | 5.75 | 5.75 | 0.00 | 64.4 | 100.0
minimal | rmse | 2 | 8640 | 10 | 10.0 | 0.25010 | 0.24021 | 0.24021 | 0.25998 | 3.69 | 3.95 | 3.95 | 0.00 | 67.4 | 100.0
minimal | ssim | 2 | 8640 | 10 | 10.0 | 0.30993 | 0.32599 | 0.32599 | 0.30865 | 4.64 | 5.18 | 5.18 | 0.00 | 47.0 | 100.0
blocks | gmsd | 2 | 8640 | 8 | 8.0 | 0.34125 | 0.16324 | 0.16324 | 0.20242 | 3.74 | 52.17 | 52.17 | 0.00 | 1.1 | 100.0
blocks | haarPSI | 2 | 8640 | 8 | 8.0 | 0.09422 | 0.41123 | 0.41123 | 0.38580 | 2.56 | 336.44 | 336.44 | 0.00 | 16.5 | 100.0
blocks | mae | 2 | 8640 | 8 | 8.0 | 0.56418 | 0.20890 | 0.20890 | 0.25898 | 7.20 | 62.97 | 62.97 | 0.00 | 0.0 | 100.0
blocks | rmse | 2 | 8640 | 8 | 8.0 | 0.64092 | 0.22406 | 0.22406 | 0.28348 | 7.18 | 65.04 | 65.04 | 0.00 | 2.4 | 100.0
blocks | ssim | 2 | 8640 | 8 | 8.0 | 0.00212 | 0.32501 | 0.32501 | 0.31287 | 5.77 | 15244.39 | 15244.39 | 0.00 | 4.2 | 100.0
dots | gmsd | 2 | 8640 | 8 | 8.0 | 0.16924 | 0.16746 | 0.16746 | 0.29475 | 1.53 | 1.05 | 1.05 | 0.00 | 83.0 | 100.0
dots | haarPSI | 2 | 8640 | 8 | 8.0 | 0.38695 | 0.39864 | 0.39864 | 0.11805 | 3.49 | 3.02 | 3.02 | 0.00 | 50.1 | 100.0
dots | mae | 2 | 8640 | 8 | 8.0 | 0.24525 | 0.23191 | 0.23191 | 0.25594 | 3.18 | 5.44 | 5.44 | 0.00 | 61.6 | 100.0
dots | rmse | 2 | 8640 | 8 | 8.0 | 0.25010 | 0.24023 | 0.24023 | 0.32051 | 2.94 | 3.95 | 3.95 | 0.00 | 65.3 | 100.0
dots | ssim | 2 | 8640 | 8 | 8.0 | 0.30993 | 0.32608 | 0.32608 | 0.00771 | 3.99 | 5.21 | 5.21 | 0.00 | 44.8 | 100.0
lines | gmsd | 2 | 8640 | 12 | 12.0 | 0.34865 | 0.16331 | 0.16331 | 0.19974 | 6.95 | 53.16 | 53.16 | 0.00 | 6.1 | 100.0
lines | haarPSI | 2 | 8640 | 12 | 12.0 | 0.09745 | 0.40550 | 0.40550 | 0.38732 | 7.02 | 316.12 | 316.12 | 0.00 | 0.2 | 100.0
lines | mae | 2 | 8640 | 12 | 12.0 | 0.29820 | 0.23313 | 0.23313 | 0.24140 | 7.99 | 21.82 | 21.82 | 0.00 | 0.4 | 100.0
lines | rmse | 2 | 8640 | 12 | 12.0 | 0.39372 | 0.24231 | 0.24231 | 0.25604 | 7.78 | 38.46 | 38.46 | 0.00 | 0.4 | 100.0
lines | ssim | 2 | 8640 | 12 | 12.0 | 0.00342 | 0.33280 | 0.33280 | 0.31285 | 7.45 | 9629.96 | 9629.96 | 0.00 | 4.3 | 100.0
diagonal | gmsd | 2 | 8640 | 4 | 4.0 | 0.16924 | 0.16750 | 0.16750 | 0.20024 | 1.24 | 1.03 | 1.03 | 0.00 | 86.9 | 100.0
diagonal | haarPSI | 2 | 8640 | 4 | 4.0 | 0.38695 | 0.40028 | 0.40028 | 0.39293 | 2.02 | 3.45 | 3.45 | 0.00 | 57.5 | 100.0
diagonal | mae | 2 | 8640 | 4 | 4.0 | 0.24525 | 0.23362 | 0.23362 | 0.24532 | 1.99 | 4.74 | 4.74 | 0.00 | 65.6 | 100.0
diagonal | rmse | 2 | 8640 | 4 | 4.0 | 0.25010 | 0.24216 | 0.24216 | 0.25845 | 1.89 | 3.17 | 3.17 | 0.00 | 68.8 | 100.0
diagonal | ssim | 2 | 8640 | 4 | 4.0 | 0.30993 | 0.32254 | 0.32254 | 0.31300 | 2.25 | 4.07 | 4.07 | 0.00 | 48.1 | 100.0
cross | gmsd | 2 | 8640 | 5 | 5.0 | 0.16924 | 0.16695 | 0.16695 | 0.19677 | 1.49 | 1.36 | 1.36 | 0.00 | 78.5 | 100.0
cross | haarPSI | 2 | 8640 | 5 | 5.0 | 0.38695 | 0.39651 | 0.39651 | 0.38470 | 2.07 | 2.47 | 2.47 | 0.00 | 66.5 | 100.0
cross | mae | 2 | 8640 | 5 | 5.0 | 0.24525 | 0.23510 | 0.23510 | 0.24218 | 2.36 | 4.14 | 4.14 | 0.00 | 63.4 | 100.0
cross | rmse | 2 | 8640 | 5 | 5.0 | 0.25010 | 0.24296 | 0.24296 | 0.25454 | 2.22 | 2.86 | 2.86 | 0.00 | 67.1 | 100.0
cross | ssim | 2 | 8640 | 5 | 5.0 | 0.30993 | 0.32343 | 0.32343 | 0.31309 | 2.59 | 4.36 | 4.36 | 0.00 | 51.2 | 100.0
diamond | gmsd | 2 | 8640 | 4 | 4.0 | 0.16924 | 0.16805 | 0.16805 | 0.20378 | 1.19 | 0.71 | 0.71 | 0.00 | 90.7 | 100.0
diamond | haarPSI | 2 | 8640 | 4 | 4.0 | 0.38695 | 0.39465 | 0.39465 | 0.37663 | 1.66 | 1.99 | 1.99 | 0.00 | 76.0 | 100.0
diamond | mae | 2 | 8640 | 4 | 4.0 | 0.24525 | 0.23500 | 0.23500 | 0.24339 | 1.81 | 4.18 | 4.18 | 0.00 | 67.3 | 100.0
diamond | rmse | 2 | 8640 | 4 | 4.0 | 0.25010 | 0.24291 | 0.24291 | 0.25740 | 1.70 | 2.87 | 2.87 | 0.00 | 71.0 | 100.0
diamond | ssim | 2 | 8640 | 4 | 4.0 | 0.30993 | 0.32191 | 0.32191 | 0.31265 | 2.11 | 3.87 | 3.87 | 0.00 | 59.2 | 100.0
mixed | gmsd | 2 | 8640 | 12 | 12.0 | 0.33021 | 0.16494 | 0.16494 | 0.29867 | 5.46 | 50.05 | 50.05 | 0.00 | 19.3 | 100.0
mixed | haarPSI | 2 | 8640 | 12 | 12.0 | 0.11255 | 0.40335 | 0.40335 | 0.10540 | 4.25 | 258.36 | 258.36 | 0.00 | 30.2 | 100.0
mixed | mae | 2 | 8640 | 12 | 12.0 | 0.28786 | 0.23126 | 0.23126 | 0.25973 | 7.59 | 19.66 | 19.66 | 0.00 | 0.4 | 100.0
mixed | rmse | 2 | 8640 | 12 | 12.0 | 0.37725 | 0.23936 | 0.23936 | 0.32877 | 7.92 | 36.55 | 36.55 | 0.00 | 0.2 | 100.0
mixed | ssim | 2 | 8640 | 12 | 12.0 | 0.00354 | 0.32847 | 0.32847 | 0.00679 | 7.20 | 9186.54 | 9186.54 | 0.00 | 10.3 | 100.0
braille | gmsd | 2 | 8640 | 256 | 12.0 | 0.20235 | 0.19726 | 0.16411 | 0.27377 | 88.67 | 18.90 | 2.52 | 16.38 | 36.2 | 37.8
braille | haarPSI | 2 | 8640 | 256 | 12.0 | 0.38946 | 0.39633 | 0.41231 | 0.17011 | 87.10 | 5.87 | 1.77 | 4.10 | 35.6 | 38.8
braille | mae | 2 | 8640 | 256 | 12.0 | 0.24084 | 0.23870 | 0.23204 | 0.24610 | 41.97 | 3.65 | 0.89 | 2.77 | 36.3 | 36.5
braille | rmse | 2 | 8640 | 256 | 12.0 | 0.25465 | 0.25172 | 0.24111 | 0.29273 | 40.90 | 5.31 | 1.15 | 4.16 | 36.3 | 36.6
braille | ssim | 2 | 8640 | 256 | 12.0 | 0.31325 | 0.32468 | 0.33548 | 0.03326 | 81.10 | 7.09 | 3.65 | 3.45 | 36.4 | 40.6
