# Selection optimality gap
charset | oracle | os | cells | glyphs | poolW | prod | optPool | optGlobal | toneOnly | meanRank | totalGap% | rankGap% | poolGap% | exactOpt% | optInPool%
minimal | gmsd | 2 | 112320 | 10 | 10.0 | 0.15850 | 0.15751 | 0.15751 | 0.20466 | 1.34 | 0.63 | 0.63 | 0.00 | 91.6 | 100.0
minimal | haarPSI | 2 | 112320 | 10 | 10.0 | 0.41864 | 0.42502 | 0.42502 | 0.39781 | 2.33 | 1.52 | 1.52 | 0.00 | 64.8 | 100.0
minimal | mae | 2 | 112320 | 10 | 10.0 | 0.24524 | 0.23090 | 0.23090 | 0.24035 | 4.02 | 5.85 | 5.85 | 0.00 | 63.8 | 100.0
minimal | rmse | 2 | 112320 | 10 | 10.0 | 0.24791 | 0.23790 | 0.23790 | 0.25665 | 3.67 | 4.04 | 4.04 | 0.00 | 67.4 | 100.0
minimal | ssim | 2 | 112320 | 10 | 10.0 | 0.32338 | 0.33508 | 0.33508 | 0.32124 | 4.89 | 3.62 | 3.62 | 0.00 | 47.6 | 100.0
blocks | gmsd | 2 | 112320 | 8 | 8.0 | 0.35298 | 0.15667 | 0.15667 | 0.20524 | 3.32 | 55.61 | 55.61 | 0.00 | 0.1 | 100.0
blocks | haarPSI | 2 | 112320 | 8 | 8.0 | 0.09981 | 0.42864 | 0.42864 | 0.40167 | 2.16 | 329.44 | 329.44 | 0.00 | 20.0 | 100.0
blocks | mae | 2 | 112320 | 8 | 8.0 | 0.56411 | 0.20833 | 0.20833 | 0.25692 | 7.20 | 63.07 | 63.07 | 0.00 | 0.0 | 100.0
blocks | rmse | 2 | 112320 | 8 | 8.0 | 0.64065 | 0.22153 | 0.22153 | 0.27857 | 7.16 | 65.42 | 65.42 | 0.00 | 2.8 | 100.0
blocks | ssim | 2 | 112320 | 8 | 8.0 | 0.00259 | 0.33554 | 0.33554 | 0.32661 | 5.81 | 12838.55 | 12838.55 | 0.00 | 3.1 | 100.0
dots | gmsd | 2 | 112320 | 8 | 8.0 | 0.15850 | 0.15807 | 0.15807 | 0.30241 | 1.18 | 0.27 | 0.27 | 0.00 | 94.3 | 100.0
dots | haarPSI | 2 | 112320 | 8 | 8.0 | 0.41864 | 0.42523 | 0.42523 | 0.12314 | 2.53 | 1.57 | 1.57 | 0.00 | 61.5 | 100.0
dots | mae | 2 | 112320 | 8 | 8.0 | 0.24524 | 0.23160 | 0.23160 | 0.25499 | 3.21 | 5.56 | 5.56 | 0.00 | 60.6 | 100.0
dots | rmse | 2 | 112320 | 8 | 8.0 | 0.24791 | 0.23783 | 0.23783 | 0.31830 | 2.95 | 4.06 | 4.06 | 0.00 | 64.9 | 100.0
dots | ssim | 2 | 112320 | 8 | 8.0 | 0.32338 | 0.33538 | 0.33538 | 0.01223 | 4.17 | 3.71 | 3.71 | 0.00 | 46.0 | 100.0
lines | gmsd | 2 | 112320 | 12 | 12.0 | 0.36584 | 0.15707 | 0.15707 | 0.19926 | 7.97 | 57.07 | 57.07 | 0.00 | 1.7 | 100.0
lines | haarPSI | 2 | 112320 | 12 | 12.0 | 0.10424 | 0.43041 | 0.43041 | 0.41364 | 6.96 | 312.89 | 312.89 | 0.00 | 0.2 | 100.0
lines | mae | 2 | 112320 | 12 | 12.0 | 0.29818 | 0.23300 | 0.23300 | 0.24078 | 8.07 | 21.86 | 21.86 | 0.00 | 0.2 | 100.0
lines | rmse | 2 | 112320 | 12 | 12.0 | 0.39362 | 0.24016 | 0.24016 | 0.25335 | 7.80 | 38.99 | 38.99 | 0.00 | 0.2 | 100.0
lines | ssim | 2 | 112320 | 12 | 12.0 | 0.00355 | 0.34059 | 0.34059 | 0.32654 | 7.39 | 9493.53 | 9493.53 | 0.00 | 3.8 | 100.0
diagonal | gmsd | 2 | 112320 | 4 | 4.0 | 0.15850 | 0.15807 | 0.15807 | 0.19803 | 1.08 | 0.27 | 0.27 | 0.00 | 95.7 | 100.0
diagonal | haarPSI | 2 | 112320 | 4 | 4.0 | 0.41864 | 0.42546 | 0.42546 | 0.41714 | 1.56 | 1.63 | 1.63 | 0.00 | 73.4 | 100.0
diagonal | mae | 2 | 112320 | 4 | 4.0 | 0.24524 | 0.23342 | 0.23342 | 0.24468 | 2.01 | 4.82 | 4.82 | 0.00 | 65.2 | 100.0
diagonal | rmse | 2 | 112320 | 4 | 4.0 | 0.24791 | 0.23986 | 0.23986 | 0.25564 | 1.88 | 3.25 | 3.25 | 0.00 | 69.3 | 100.0
diagonal | ssim | 2 | 112320 | 4 | 4.0 | 0.32338 | 0.33259 | 0.33259 | 0.32652 | 2.35 | 2.85 | 2.85 | 0.00 | 46.8 | 100.0
cross | gmsd | 2 | 112320 | 5 | 5.0 | 0.15850 | 0.15792 | 0.15792 | 0.19638 | 1.15 | 0.36 | 0.36 | 0.00 | 93.4 | 100.0
cross | haarPSI | 2 | 112320 | 5 | 5.0 | 0.41864 | 0.42295 | 0.42295 | 0.40742 | 1.48 | 1.03 | 1.03 | 0.00 | 83.4 | 100.0
cross | mae | 2 | 112320 | 5 | 5.0 | 0.24524 | 0.23491 | 0.23491 | 0.24152 | 2.38 | 4.21 | 4.21 | 0.00 | 62.6 | 100.0
cross | rmse | 2 | 112320 | 5 | 5.0 | 0.24791 | 0.24068 | 0.24068 | 0.25170 | 2.21 | 2.91 | 2.91 | 0.00 | 66.8 | 100.0
cross | ssim | 2 | 112320 | 5 | 5.0 | 0.32338 | 0.33382 | 0.33382 | 0.32689 | 2.71 | 3.23 | 3.23 | 0.00 | 50.2 | 100.0
diamond | gmsd | 2 | 112320 | 4 | 4.0 | 0.15850 | 0.15820 | 0.15820 | 0.20291 | 1.06 | 0.19 | 0.19 | 0.00 | 96.9 | 100.0
diamond | haarPSI | 2 | 112320 | 4 | 4.0 | 0.41864 | 0.42139 | 0.42139 | 0.39605 | 1.25 | 0.66 | 0.66 | 0.00 | 90.2 | 100.0
diamond | mae | 2 | 112320 | 4 | 4.0 | 0.24524 | 0.23481 | 0.23481 | 0.24249 | 1.81 | 4.26 | 4.26 | 0.00 | 66.8 | 100.0
diamond | rmse | 2 | 112320 | 4 | 4.0 | 0.24791 | 0.24059 | 0.24059 | 0.25425 | 1.70 | 2.95 | 2.95 | 0.00 | 71.3 | 100.0
diamond | ssim | 2 | 112320 | 4 | 4.0 | 0.32338 | 0.33312 | 0.33312 | 0.32681 | 2.17 | 3.01 | 3.01 | 0.00 | 57.8 | 100.0
mixed | gmsd | 2 | 112320 | 12 | 12.0 | 0.34508 | 0.15755 | 0.15755 | 0.30668 | 6.96 | 54.34 | 54.34 | 0.00 | 3.9 | 100.0
mixed | haarPSI | 2 | 112320 | 12 | 12.0 | 0.12420 | 0.42952 | 0.42952 | 0.10988 | 3.52 | 245.84 | 245.84 | 0.00 | 40.4 | 100.0
mixed | mae | 2 | 112320 | 12 | 12.0 | 0.28780 | 0.23087 | 0.23087 | 0.25828 | 7.63 | 19.78 | 19.78 | 0.00 | 0.2 | 100.0
mixed | rmse | 2 | 112320 | 12 | 12.0 | 0.37705 | 0.23694 | 0.23694 | 0.32593 | 7.98 | 37.16 | 37.16 | 0.00 | 0.1 | 100.0
mixed | ssim | 2 | 112320 | 12 | 12.0 | 0.00379 | 0.33683 | 0.33683 | 0.01123 | 7.18 | 8778.97 | 8778.97 | 0.00 | 10.3 | 100.0
