# Selection optimality gap
charset | oracle | os | cells | glyphs | poolW | prod | optPool | optGlobal | toneOnly | meanRank | totalGap% | rankGap% | poolGap% | exactOpt% | optInPool%
minimal | gmsd | 2 | 112320 | 10 | 10.0 | 0.18083 | 0.17831 | 0.17831 | 0.28463 | 1.72 | 1.39 | 1.39 | 0.00 | 78.9 | 100.0
minimal | haarPSI | 2 | 112320 | 10 | 10.0 | 0.16032 | 0.18137 | 0.18137 | 0.14476 | 4.42 | 13.13 | 13.13 | 0.00 | 44.8 | 100.0
minimal | mae | 2 | 112320 | 10 | 10.0 | 0.25014 | 0.23383 | 0.23383 | 0.25720 | 2.68 | 6.52 | 6.52 | 0.00 | 78.3 | 100.0
minimal | rmse | 2 | 112320 | 10 | 10.0 | 0.25979 | 0.24841 | 0.24841 | 0.30797 | 2.52 | 4.38 | 4.38 | 0.00 | 81.3 | 100.0
minimal | ssim | 2 | 112320 | 10 | 10.0 | 0.05613 | 0.07984 | 0.07984 | 0.05112 | 5.35 | 42.25 | 42.25 | 0.00 | 36.7 | 100.0
blocks | gmsd | 2 | 112320 | 8 | 8.0 | 0.32490 | 0.17796 | 0.17796 | 0.31648 | 3.50 | 45.23 | 45.23 | 0.00 | 0.6 | 100.0
blocks | haarPSI | 2 | 112320 | 8 | 8.0 | 0.08885 | 0.19142 | 0.19142 | 0.13814 | 3.37 | 115.44 | 115.44 | 0.00 | 6.0 | 100.0
blocks | mae | 2 | 112320 | 8 | 8.0 | 0.56334 | 0.21067 | 0.21067 | 0.29780 | 7.18 | 62.60 | 62.60 | 0.00 | 6.4 | 100.0
blocks | rmse | 2 | 112320 | 8 | 8.0 | 0.64447 | 0.22939 | 0.22939 | 0.37221 | 7.14 | 64.41 | 64.41 | 0.00 | 8.4 | 100.0
blocks | ssim | 2 | 112320 | 8 | 8.0 | 0.00308 | 0.08029 | 0.08029 | 0.05424 | 5.28 | 2506.45 | 2506.45 | 0.00 | 3.8 | 100.0
dots | gmsd | 2 | 112320 | 8 | 8.0 | 0.18083 | 0.17997 | 0.17997 | 0.31288 | 1.34 | 0.47 | 0.47 | 0.00 | 88.0 | 100.0
dots | haarPSI | 2 | 112320 | 8 | 8.0 | 0.16032 | 0.18163 | 0.18163 | 0.09693 | 4.15 | 13.29 | 13.29 | 0.00 | 34.9 | 100.0
dots | mae | 2 | 112320 | 8 | 8.0 | 0.25014 | 0.23055 | 0.23055 | 0.26610 | 2.31 | 7.83 | 7.83 | 0.00 | 74.5 | 100.0
dots | rmse | 2 | 112320 | 8 | 8.0 | 0.25979 | 0.24566 | 0.24566 | 0.33262 | 2.18 | 5.44 | 5.44 | 0.00 | 79.5 | 100.0
dots | ssim | 2 | 112320 | 8 | 8.0 | 0.05613 | 0.08181 | 0.08181 | 0.00967 | 4.58 | 45.76 | 45.76 | 0.00 | 34.1 | 100.0
lines | gmsd | 2 | 112320 | 12 | 12.0 | 0.33127 | 0.17658 | 0.17658 | 0.25189 | 6.83 | 46.70 | 46.70 | 0.00 | 5.0 | 100.0
lines | haarPSI | 2 | 112320 | 12 | 12.0 | 0.09341 | 0.18335 | 0.18335 | 0.16391 | 7.40 | 96.28 | 96.28 | 0.00 | 0.3 | 100.0
lines | mae | 2 | 112320 | 12 | 12.0 | 0.30282 | 0.23696 | 0.23696 | 0.25227 | 8.79 | 21.75 | 21.75 | 0.00 | 0.2 | 100.0
lines | rmse | 2 | 112320 | 12 | 12.0 | 0.38776 | 0.25041 | 0.25041 | 0.28133 | 8.36 | 35.42 | 35.42 | 0.00 | 0.1 | 100.0
lines | ssim | 2 | 112320 | 12 | 12.0 | 0.00478 | 0.09202 | 0.09202 | 0.05895 | 6.88 | 1823.35 | 1823.35 | 0.00 | 3.1 | 100.0
diagonal | gmsd | 2 | 112320 | 4 | 4.0 | 0.18083 | 0.18011 | 0.18011 | 0.25435 | 1.13 | 0.40 | 0.40 | 0.00 | 92.2 | 100.0
diagonal | haarPSI | 2 | 112320 | 4 | 4.0 | 0.16032 | 0.18102 | 0.18102 | 0.16585 | 2.24 | 12.91 | 12.91 | 0.00 | 51.8 | 100.0
diagonal | mae | 2 | 112320 | 4 | 4.0 | 0.25014 | 0.23662 | 0.23662 | 0.25317 | 1.55 | 5.41 | 5.41 | 0.00 | 80.3 | 100.0
diagonal | rmse | 2 | 112320 | 4 | 4.0 | 0.25979 | 0.25038 | 0.25038 | 0.28106 | 1.50 | 3.62 | 3.62 | 0.00 | 82.6 | 100.0
diagonal | ssim | 2 | 112320 | 4 | 4.0 | 0.05613 | 0.07293 | 0.07293 | 0.05977 | 2.49 | 29.94 | 29.94 | 0.00 | 39.0 | 100.0
cross | gmsd | 2 | 112320 | 5 | 5.0 | 0.18083 | 0.17952 | 0.17952 | 0.24262 | 1.32 | 0.73 | 0.73 | 0.00 | 84.9 | 100.0
cross | haarPSI | 2 | 112320 | 5 | 5.0 | 0.16032 | 0.17629 | 0.17629 | 0.16040 | 2.44 | 9.96 | 9.96 | 0.00 | 59.4 | 100.0
cross | mae | 2 | 112320 | 5 | 5.0 | 0.25014 | 0.23822 | 0.23822 | 0.25027 | 1.78 | 4.77 | 4.77 | 0.00 | 77.1 | 100.0
cross | rmse | 2 | 112320 | 5 | 5.0 | 0.25979 | 0.25143 | 0.25143 | 0.27311 | 1.69 | 3.22 | 3.22 | 0.00 | 81.1 | 100.0
cross | ssim | 2 | 112320 | 5 | 5.0 | 0.05613 | 0.07676 | 0.07676 | 0.05984 | 2.91 | 36.76 | 36.76 | 0.00 | 41.9 | 100.0
diamond | gmsd | 2 | 112320 | 4 | 4.0 | 0.18083 | 0.18034 | 0.18034 | 0.24719 | 1.09 | 0.27 | 0.27 | 0.00 | 94.8 | 100.0
diamond | haarPSI | 2 | 112320 | 4 | 4.0 | 0.16032 | 0.17504 | 0.17504 | 0.15471 | 1.95 | 9.18 | 9.18 | 0.00 | 66.4 | 100.0
diamond | mae | 2 | 112320 | 4 | 4.0 | 0.25014 | 0.23640 | 0.23640 | 0.25080 | 1.49 | 5.49 | 5.49 | 0.00 | 81.9 | 100.0
diamond | rmse | 2 | 112320 | 4 | 4.0 | 0.25979 | 0.25002 | 0.25002 | 0.27395 | 1.46 | 3.76 | 3.76 | 0.00 | 83.5 | 100.0
diamond | ssim | 2 | 112320 | 4 | 4.0 | 0.05613 | 0.07554 | 0.07554 | 0.05973 | 2.29 | 34.59 | 34.59 | 0.00 | 53.1 | 100.0
mixed | gmsd | 2 | 112320 | 12 | 12.0 | 0.31326 | 0.17765 | 0.17765 | 0.31843 | 5.25 | 43.29 | 43.29 | 0.00 | 19.6 | 100.0
mixed | haarPSI | 2 | 112320 | 12 | 12.0 | 0.10627 | 0.18351 | 0.18351 | 0.09688 | 5.37 | 72.68 | 72.68 | 0.00 | 18.9 | 100.0
mixed | mae | 2 | 112320 | 12 | 12.0 | 0.29293 | 0.22691 | 0.22691 | 0.26983 | 8.12 | 22.54 | 22.54 | 0.00 | 0.5 | 100.0
mixed | rmse | 2 | 112320 | 12 | 12.0 | 0.37068 | 0.24273 | 0.24273 | 0.34437 | 8.10 | 34.52 | 34.52 | 0.00 | 0.5 | 100.0
mixed | ssim | 2 | 112320 | 12 | 12.0 | 0.00589 | 0.08476 | 0.08476 | 0.00921 | 6.66 | 1339.96 | 1339.96 | 0.00 | 11.5 | 100.0
